0 1
1.000000000000000021e-03 9.645418973278268027e-01
2.000000000000000042e-03 9.789496512041725440e-01
3.000000000000000062e-03 9.966956709385275115e-01
4.000000000000000083e-03 1.015472782931883033e+00
5.000000000000000104e-03 1.034513226385488149e+00
6.000000000000000125e-03 1.053181088251601061e+00
7.000000000000000146e-03 1.070941496110350943e+00
8.000000000000000167e-03 1.087527761446262176e+00
9.000000000000001055e-03 1.102588686255035810e+00
1.000000000000000194e-02 1.116103219098980137e+00
1.099999999999999936e-02 1.128072282824799544e+00
1.200000000000000025e-02 1.138242983774705230e+00
1.300000000000000114e-02 1.146136864381443132e+00
1.400000000000000203e-02 1.151519864771334722e+00
1.499999999999999944e-02 1.155203045103357917e+00
1.600000000000000033e-02 1.158104551127489446e+00
1.700000000000000122e-02 1.160246900809119630e+00
1.800000000000000211e-02 1.161074962968762003e+00
1.900000000000000300e-02 1.160035133574419008e+00
2.000000000000000042e-02 1.156615707125623116e+00
2.100000000000000130e-02 1.150436612217330401e+00
2.200000000000000219e-02 1.141982761236148836e+00
2.299999999999999961e-02 1.132054259393559192e+00
2.400000000000000050e-02 1.121211732904314307e+00
2.500000000000000139e-02 1.109770702311372093e+00
2.600000000000000228e-02 1.098034214092959537e+00
2.700000000000000316e-02 1.086256450214285074e+00
2.800000000000000058e-02 1.074687769493911205e+00
2.900000000000000147e-02 1.063474017956389739e+00
3.000000000000000236e-02 1.052704718395702566e+00
3.099999999999999978e-02 1.042395785272597575e+00
3.200000000000000067e-02 1.032441441555222106e+00
3.300000000000000155e-02 1.022726179920263601e+00
3.400000000000000244e-02 1.013160662774842846e+00
3.500000000000000333e-02 1.003663377887735297e+00
3.600000000000000422e-02 9.942205436169835320e-01
3.700000000000000511e-02 9.848797580105281835e-01
3.799999999999999906e-02 9.757633562841954156e-01
3.899999999999999994e-02 9.671651582540456982e-01
4.000000000000000083e-02 9.594058518636100485e-01
4.100000000000000172e-02 9.526816330239487041e-01
4.200000000000000261e-02 9.471337800853225630e-01
4.300000000000000350e-02 9.428934752864676083e-01
4.400000000000000439e-02 9.400755736149719599e-01
4.499999999999999833e-02 9.387507329629735109e-01
4.599999999999999922e-02 9.388085200525349006e-01
4.700000000000000011e-02 9.400844090916882223e-01
4.800000000000000100e-02 9.424240986250700391e-01
4.900000000000000189e-02 9.456772161246737030e-01
5.000000000000000278e-02 9.497082623406898350e-01
5.100000000000000366e-02 9.544265162038777506e-01
5.200000000000000455e-02 9.597412000572247415e-01
5.300000000000000544e-02 9.655670722193419042e-01
5.399999999999999939e-02 9.718162305913228272e-01
5.500000000000000028e-02 9.783910274168285959e-01
5.600000000000000117e-02 9.851834735709633639e-01
5.700000000000000205e-02 9.920834569700731631e-01
5.800000000000000294e-02 9.989936973431519096e-01
5.900000000000000383e-02 1.005814994575442656e+00
6.000000000000000472e-02 1.012453797454320403e+00
6.099999999999999867e-02 1.018818053624910958e+00
6.199999999999999956e-02 1.024826763914724381e+00
6.300000000000000044e-02 1.030422320267829761e+00
6.400000000000000133e-02 1.035544753863576473e+00
6.500000000000000222e-02 1.040120700580761337e+00
6.600000000000000311e-02 1.044071855752344069e+00
6.700000000000000400e-02 1.047359307444697185e+00
6.800000000000000488e-02 1.049983170747199379e+00
6.900000000000000577e-02 1.051938468097528778e+00
7.000000000000000666e-02 1.053199617411239242e+00
7.100000000000000755e-02 1.053739456769664740e+00
7.200000000000000844e-02 1.053547642855199529e+00
7.300000000000000933e-02 1.052623437835650710e+00
7.399999999999999634e-02 1.050965478965681044e+00
7.499999999999999722e-02 1.048570625180293536e+00
7.599999999999999811e-02 1.045441051316325920e+00
7.699999999999999900e-02 1.041597968420024056e+00
7.799999999999999989e-02 1.037067979115112504e+00
7.900000000000000078e-02 1.031847577654729786e+00
8.000000000000000167e-02 1.025908576999647881e+00
8.100000000000000255e-02 1.019271509379753970e+00
8.200000000000000344e-02 1.012068843718817890e+00
8.300000000000000433e-02 1.004456174656066736e+00
8.400000000000000522e-02 9.965911893356907969e-01
8.500000000000000611e-02 9.886374704851854656e-01
8.600000000000000699e-02 9.807333310174960461e-01
8.700000000000000788e-02 9.729827513430239216e-01
8.800000000000000877e-02 9.654914831831710176e-01
8.899999999999999578e-02 9.583645241427876105e-01
8.999999999999999667e-02 9.517088662819228606e-01
9.099999999999999756e-02 9.456093568928833903e-01
9.199999999999999845e-02 9.401364156482624468e-01
9.299999999999999933e-02 9.353541075437409313e-01
9.400000000000000022e-02 9.313123329414426665e-01
9.500000000000000111e-02 9.280622945319219053e-01
9.600000000000000200e-02 9.256656049504126127e-01
9.700000000000000289e-02 9.241878008052604176e-01
9.800000000000000377e-02 9.236660901938179569e-01
9.900000000000000466e-02 9.241071079462880311e-01
1.000000000000000056e-01 9.254925808988789804e-01
1.010000000000000064e-01 9.277371434197828615e-01
1.020000000000000073e-01 9.307367035533707922e-01
1.030000000000000082e-01 9.343756675958257985e-01
1.040000000000000091e-01 9.385287984399581784e-01
1.050000000000000100e-01 9.430951876031810066e-01
1.059999999999999970e-01 9.480180239143389809e-01
1.069999999999999979e-01 9.532366447827691491e-01
1.079999999999999988e-01 9.586659832441664086e-01
1.089999999999999997e-01 9.642110595389628003e-01
1.100000000000000006e-01 9.697942257898785057e-01
1.110000000000000014e-01 9.753531127713350735e-01
1.120000000000000023e-01 9.808183384423613260e-01
1.130000000000000032e-01 9.861065605455854310e-01
1.140000000000000041e-01 9.911339956014750818e-01
1.150000000000000050e-01 9.958547268204374081e-01
1.160000000000000059e-01 1.000240064004081164e+00
1.170000000000000068e-01 1.004238600533485126e+00
1.180000000000000077e-01 1.007768031539142628e+00
1.190000000000000085e-01 1.010752061397414803e+00
1.200000000000000094e-01 1.013156680486595240e+00
1.209999999999999964e-01 1.014960298853981868e+00
1.219999999999999973e-01 1.016171822155351734e+00
1.229999999999999982e-01 1.016824014487573313e+00
1.239999999999999991e-01 1.016961450962137636e+00
1.250000000000000000e-01 1.016649537822186478e+00
1.260000000000000009e-01 1.015957146505616082e+00
1.270000000000000018e-01 1.014939357730343161e+00
1.280000000000000027e-01 1.013646952645268051e+00
1.290000000000000036e-01 1.012117460278081360e+00
1.300000000000000044e-01 1.010372536631751528e+00
1.310000000000000053e-01 1.008439338165233012e+00
1.320000000000000062e-01 1.006362979210404296e+00
1.330000000000000071e-01 1.004193394150450835e+00
1.340000000000000080e-01 1.001972787527026565e+00
1.350000000000000089e-01 9.997389928859030661e-01
1.360000000000000098e-01 9.975196500023740809e-01
1.370000000000000107e-01 9.953231854571957804e-01
1.380000000000000115e-01 9.931621093772695641e-01
1.390000000000000124e-01 9.910796605573698459e-01
1.400000000000000133e-01 9.891293910818700352e-01
1.410000000000000142e-01 9.873343179863753871e-01
1.420000000000000151e-01 9.856871671672372548e-01
1.430000000000000160e-01 9.841905793352679899e-01
1.440000000000000169e-01 9.828785891503993843e-01
1.450000000000000178e-01 9.817897506752926162e-01
1.459999999999999909e-01 9.809455377293445633e-01
1.469999999999999918e-01 9.803582330055836680e-01
1.479999999999999927e-01 9.800294669054019359e-01
1.489999999999999936e-01 9.799449325724428617e-01
1.499999999999999944e-01 9.800877588573105870e-01
1.509999999999999953e-01 9.804383796549898111e-01
1.519999999999999962e-01 9.809756979686341527e-01
1.529999999999999971e-01 9.816784793013398902e-01
1.539999999999999980e-01 9.825251880173916375e-01
1.549999999999999989e-01 9.834969393408955485e-01
1.559999999999999998e-01 9.845823479507755938e-01
1.570000000000000007e-01 9.857703486722411146e-01
1.580000000000000016e-01 9.870477889554726270e-01
1.590000000000000024e-01 9.884001722634764286e-01
1.600000000000000033e-01 9.898116783102700600e-01
1.610000000000000042e-01 9.912649895210313700e-01
1.620000000000000051e-01 9.927423775503433356e-01
1.630000000000000060e-01 9.942268890797651970e-01
1.640000000000000069e-01 9.957019963844773169e-01
1.650000000000000078e-01 9.971606051986139363e-01
1.660000000000000087e-01 9.986022019164463304e-01
1.670000000000000095e-01 1.000022440654675382e+00
1.680000000000000104e-01 1.001409302288925440e+00
1.690000000000000113e-01 1.002748147215789976e+00
1.700000000000000122e-01 1.004016044519880468e+00
1.710000000000000131e-01 1.005187045050279782e+00
1.720000000000000140e-01 1.006251504307686284e+00
1.730000000000000149e-01 1.007217512347883037e+00
1.740000000000000158e-01 1.008089836422965346e+00
1.750000000000000167e-01 1.008859745601971669e+00
1.760000000000000175e-01 1.009515483321658857e+00
1.769999999999999907e-01 1.010043023444496590e+00
1.779999999999999916e-01 1.010426936447133883e+00
1.789999999999999925e-01 1.010660656026798554e+00
1.799999999999999933e-01 1.010752470705631012e+00
1.809999999999999942e-01 1.010711264524086106e+00
1.819999999999999951e-01 1.010540508758362321e+00
1.829999999999999960e-01 1.010242147149161829e+00
1.839999999999999969e-01 1.009818457796337166e+00
1.849999999999999978e-01 1.009272056603014445e+00
1.859999999999999987e-01 1.008609716261434031e+00
1.869999999999999996e-01 1.007848435451587310e+00
1.880000000000000004e-01 1.007006651563782107e+00
1.890000000000000013e-01 1.006096871892209643e+00
1.900000000000000022e-01 1.005128837512543116e+00
1.910000000000000031e-01 1.004110296366462762e+00
1.920000000000000040e-01 1.003046092231617337e+00
1.930000000000000049e-01 1.001941458592075396e+00
1.940000000000000058e-01 1.000803469793566824e+00
1.950000000000000067e-01 9.996398345296918508e-01
1.960000000000000075e-01 9.984576459301760520e-01
1.970000000000000084e-01 9.972635800173798026e-01
1.980000000000000093e-01 9.960641901470783655e-01
1.990000000000000102e-01 9.948655155958600060e-01
2.000000000000000111e-01 9.936733411556085693e-01
