0 0
1.000000000000000021e-03 8.119467792755953269e+03
2.000000000000000042e-03 1.487107040151319597e+04
3.000000000000000062e-03 2.041457848459281740e+04
4.000000000000000083e-03 2.491085207789872584e+04
5.000000000000000104e-03 2.851403434015262610e+04
6.000000000000000125e-03 3.137316324231605540e+04
7.000000000000000146e-03 3.362108191641745361e+04
8.000000000000000167e-03 3.535718450596521143e+04
9.000000000000001055e-03 3.667332299394827714e+04
1.000000000000000194e-02 3.763924797162848699e+04
1.099999999999999936e-02 3.831546544781031116e+04
1.200000000000000025e-02 3.875256945771625033e+04
1.300000000000000114e-02 3.898988896095679956e+04
1.400000000000000203e-02 3.906341829425643664e+04
1.499999999999999944e-02 3.900012035622719122e+04
1.600000000000000033e-02 3.882464335973632842e+04
1.700000000000000122e-02 3.855662839855391212e+04
1.800000000000000211e-02 3.821253596117893903e+04
1.900000000000000300e-02 3.780688790826792683e+04
2.000000000000000042e-02 3.735089463402733236e+04
2.100000000000000130e-02 3.685498978411498683e+04
2.200000000000000219e-02 3.632721791232415126e+04
2.299999999999999961e-02 3.577476568348106230e+04
2.400000000000000050e-02 3.520364587569313153e+04
2.500000000000000139e-02 3.461873543397604226e+04
2.600000000000000228e-02 3.402448312608597917e+04
2.700000000000000316e-02 3.342428358557924366e+04
2.800000000000000058e-02 3.282127771774990106e+04
2.900000000000000147e-02 3.221794157590829127e+04
3.000000000000000236e-02 3.161639173886812932e+04
3.099999999999999978e-02 3.101845605534199785e+04
3.200000000000000067e-02 3.042553934332053905e+04
3.300000000000000155e-02 2.983893588096085659e+04
3.400000000000000244e-02 2.925959842670132275e+04
3.500000000000000333e-02 2.868837305675218886e+04
3.600000000000000422e-02 2.812592061837384608e+04
3.700000000000000511e-02 2.757274949983314582e+04
3.799999999999999906e-02 2.702929686420181315e+04
3.899999999999999994e-02 2.649584578840844551e+04
4.000000000000000083e-02 2.597264347628199175e+04
4.100000000000000172e-02 2.545983234828558489e+04
4.200000000000000261e-02 2.495750656757387696e+04
4.300000000000000350e-02 2.446571243554292596e+04
4.400000000000000439e-02 2.398443639996977799e+04
4.499999999999999833e-02 2.351364762309518846e+04
4.599999999999999922e-02 2.305326526072033812e+04
4.700000000000000011e-02 2.260319477385589926e+04
4.800000000000000100e-02 2.216331439795123879e+04
4.900000000000000189e-02 2.173348331943663288e+04
5.000000000000000278e-02 2.131355084375242222e+04
5.100000000000000366e-02 2.090334784787337048e+04
5.200000000000000455e-02 2.050270126504767541e+04
5.300000000000000544e-02 2.011142694125665730e+04
5.399999999999999939e-02 1.972933642232638886e+04
5.500000000000000028e-02 1.935623755140835783e+04
5.600000000000000117e-02 1.899193422990523322e+04
5.700000000000000205e-02 1.863622981106334191e+04
5.800000000000000294e-02 1.828892655109504267e+04
5.900000000000000383e-02 1.794982664687324723e+04
6.000000000000000472e-02 1.761873385426846289e+04
6.099999999999999867e-02 1.729545287625494166e+04
6.199999999999999956e-02 1.697979039403129718e+04
6.300000000000000044e-02 1.667155630891514011e+04
6.400000000000000133e-02 1.637056179217864155e+04
6.500000000000000222e-02 1.607662288187216473e+04
6.600000000000000311e-02 1.578955735613279830e+04
6.700000000000000400e-02 1.550918725151989929e+04
6.800000000000000488e-02 1.523533846727423588e+04
6.900000000000000577e-02 1.496783932279645524e+04
7.000000000000000666e-02 1.470652399485585192e+04
7.100000000000000755e-02 1.445122827565143962e+04
7.200000000000000844e-02 1.420179369677757131e+04
7.300000000000000933e-02 1.395806472395131277e+04
7.399999999999999634e-02 1.371988953887249045e+04
7.499999999999999722e-02 1.348712144566458664e+04
7.599999999999999811e-02 1.325961558396870532e+04
7.699999999999999900e-02 1.303723314434304848e+04
7.799999999999999989e-02 1.281983720222803640e+04
7.900000000000000078e-02 1.260729555663867541e+04
8.000000000000000167e-02 1.239947965245553496e+04
8.100000000000000255e-02 1.219626346592721711e+04
8.200000000000000344e-02 1.199752622026957943e+04
8.300000000000000433e-02 1.180314856498504923e+04
8.400000000000000522e-02 1.161301622938171204e+04
8.500000000000000611e-02 1.142701716711858171e+04
8.600000000000000699e-02 1.124504263662969424e+04
8.700000000000000788e-02 1.106698777447704560e+04
8.800000000000000877e-02 1.089274930038542152e+04
8.899999999999999578e-02 1.072222861579666642e+04
8.999999999999999667e-02 1.055532844850338734e+04
9.099999999999999756e-02 1.039195530308043817e+04
9.199999999999999845e-02 1.023201816642577614e+04
9.299999999999999933e-02 1.007542811349988369e+04
9.400000000000000022e-02 9.922099925520902616e+03
9.500000000000000111e-02 9.771949445017940889e+03
9.600000000000000200e-02 9.624896277142332110e+03
9.700000000000000289e-02 9.480861450286194668e+03
9.800000000000000377e-02 9.339768558422947535e+03
9.900000000000000466e-02 9.201543757611667388e+03
1.000000000000000056e-01 9.066114452742544017e+03
1.010000000000000064e-01 8.933411303372202383e+03
1.020000000000000073e-01 8.803365841281407484e+03
1.030000000000000082e-01 8.675912377013599325e+03
1.040000000000000091e-01 8.550986778489577773e+03
1.050000000000000100e-01 8.428526531003559285e+03
1.059999999999999970e-01 8.308471571130678058e+03
1.069999999999999979e-01 8.190762612304649338e+03
1.079999999999999988e-01 8.075343011153113366e+03
1.089999999999999997e-01 7.962157000320161387e+03
1.100000000000000006e-01 7.851150722924283400e+03
1.110000000000000014e-01 7.742271945468997728e+03
1.120000000000000023e-01 7.635469400857346955e+03
1.130000000000000032e-01 7.530694009116635243e+03
1.140000000000000041e-01 7.427897269393993156e+03
1.150000000000000050e-01 7.327032671821656550e+03
1.160000000000000059e-01 7.228054660716178660e+03
1.170000000000000068e-01 7.130918909372072449e+03
1.180000000000000077e-01 7.035582678512785606e+03
1.190000000000000085e-01 6.942003809014929175e+03
1.200000000000000094e-01 6.850141965841317869e+03
1.209999999999999964e-01 6.759957356079490637e+03
1.219999999999999973e-01 6.671411591233960280e+03
1.229999999999999982e-01 6.584467298587526784e+03
1.239999999999999991e-01 6.499087852835038575e+03
1.250000000000000000e-01 6.415238083852629643e+03
1.260000000000000009e-01 6.332883220311281548e+03
1.270000000000000018e-01 6.251989907055694857e+03
1.280000000000000027e-01 6.172525372516680363e+03
1.290000000000000036e-01 6.094457775044770642e+03
1.300000000000000044e-01 6.017756295541893451e+03
1.310000000000000053e-01 5.942390559875962026e+03
1.320000000000000062e-01 5.868331446421230794e+03
1.330000000000000071e-01 5.795550178625833723e+03
1.340000000000000080e-01 5.724019010177617020e+03
1.350000000000000089e-01 5.653710829626124905e+03
1.360000000000000098e-01 5.584599106255236620e+03
1.370000000000000107e-01 5.516658276809751442e+03
1.380000000000000115e-01 5.449863065384685797e+03
1.390000000000000124e-01 5.384189203300114059e+03
1.400000000000000133e-01 5.319612782423956560e+03
1.410000000000000142e-01 5.256110599271250976e+03
1.420000000000000151e-01 5.193660109686727083e+03
1.430000000000000160e-01 5.132239118500432596e+03
1.440000000000000169e-01 5.071826291257226330e+03
1.450000000000000178e-01 5.012400522235070639e+03
1.459999999999999909e-01 4.953941463204668253e+03
1.469999999999999918e-01 4.896429164385090189e+03
1.479999999999999927e-01 4.839844129799296752e+03
1.489999999999999936e-01 4.784167508457026997e+03
1.499999999999999944e-01 4.729380665956083249e+03
1.509999999999999953e-01 4.675465685899541313e+03
1.519999999999999962e-01 4.622404879084072491e+03
1.529999999999999971e-01 4.570181092102068760e+03
1.539999999999999980e-01 4.518777598166376265e+03
1.549999999999999989e-01 4.468177948758633647e+03
1.559999999999999998e-01 4.418366288748216903e+03
1.570000000000000007e-01 4.369326922023406041e+03
1.580000000000000016e-01 4.321044711550378452e+03
1.590000000000000024e-01 4.273504772271705406e+03
1.600000000000000033e-01 4.226692575663454591e+03
1.610000000000000042e-01 4.180594024831789284e+03
1.620000000000000051e-01 4.135195192752516050e+03
1.630000000000000060e-01 4.090482665489060309e+03
1.640000000000000069e-01 4.046443176630811649e+03
1.650000000000000078e-01 4.003063868760183595e+03
1.660000000000000087e-01 3.960332161748681756e+03
1.670000000000000095e-01 3.918235699950266280e+03
1.680000000000000104e-01 3.876762538428285552e+03
1.690000000000000113e-01 3.835900848492460682e+03
1.700000000000000122e-01 3.795639215694666291e+03
1.710000000000000131e-01 3.755966386715308090e+03
1.720000000000000140e-01 3.716871389653707411e+03
1.730000000000000149e-01 3.678343542570500631e+03
1.740000000000000158e-01 3.640372300863269174e+03
1.750000000000000167e-01 3.602947487515435569e+03
1.760000000000000175e-01 3.566059025088459748e+03
1.769999999999999907e-01 3.529697149524722136e+03
1.779999999999999916e-01 3.493852277909419172e+03
1.789999999999999925e-01 3.458515009878410638e+03
1.799999999999999933e-01 3.423676230421453965e+03
1.809999999999999942e-01 3.389326913710412100e+03
1.819999999999999951e-01 3.355458341822327839e+03
1.829999999999999960e-01 3.322061901536143978e+03
1.839999999999999969e-01 3.289129202603623980e+03
1.849999999999999978e-01 3.256652050262058310e+03
1.859999999999999987e-01 3.224622363091517400e+03
1.869999999999999996e-01 3.193032323745844224e+03
1.880000000000000004e-01 3.161874185162305366e+03
1.890000000000000013e-01 3.131140441207014646e+03
1.900000000000000022e-01 3.100823704780256321e+03
1.910000000000000031e-01 3.070916738041169083e+03
1.920000000000000040e-01 3.041412502038641833e+03
1.930000000000000049e-01 3.012304029229425396e+03
1.940000000000000058e-01 2.983584581384343892e+03
1.950000000000000067e-01 2.955247489916400809e+03
1.960000000000000075e-01 2.927286263415405301e+03
1.970000000000000084e-01 2.899694542681174426e+03
1.980000000000000093e-01 2.872466063295626554e+03
1.990000000000000102e-01 2.845594751034891488e+03
2.000000000000000111e-01 2.819074583723976502e+03
